pCom pHouse dHouse phiV phiA piV piA
0.003580759 0.3864246 0.3818057 0.8720021 0.9036588 0.9990983 0.9923671
0.005047956 0.3977448 0.9478751 0.6772824 0.7790132 0.9995278 0.9926313
0.004473665 0.3548621 0 0.7804804 0.8064325 0.9994834 0.9931524
0.005716328 0.4122867 0 0.6988898 0.8848733 0.9994834 0.994151
0.004428154 0.3511712 0.1172772 0.7169763 0.7555791 0.9998812 0.9937811
0.003441823 0.3631582 1.053493 0.8084581 0.8497075 0.999139 0.9937562
0.003891459 0.3030371 0.5553822 0.7624599 0.9999999 0.9995839 0.9929194
0.003777933 0.3642577 0.6636582 0.8213428 0.8413715 0.9993623 0.9929355
0.003977074 0.3561842 0.5437684 0.848691 0.9046102 0.999027 0.9925675
0.003818387 0.36402 0.9484835 0.7063262 0.8759994 0.999402 0.9935013
0.002866859 0.2599189 1.72911 0.6800125 0.8617506 0.9989813 0.9918729
0.004724806 0.3147421 0.1638113 0.7086169 0.8482499 0.9995198 0.9932784
0.003038347 0.4160095 0.3529936 0.7580207 0.8965421 0.9993868 0.994095
0.005444407 0.3510516 0.5261047 0.7033507 0.7720415 0.9998875 0.9937376
0.003647979 0.3974674 0.4825707 0.8432142 0.9043129 0.9994984 0.9930352
0.003656941 0.3451801 0.2989504 0.7465331 0.8336568 0.999231 0.9933321
0.004423589 0.2672229 0.4713527 0.7235501 0.8600477 0.9991855 0.9925245
0.003517715 0.2889503 2.304462 0.8160395 0.8766671 0.9992348 0.9935488
0.0040413 0.3110213 1.490821 0.7884539 0.8477582 0.9992083 0.9935432
0.004516704 0.2518144 0.2559437 0.7613931 0.7559115 0.999287 0.9943671
0.003596987 0.4938193 0.2424689 0.7540006 0.8531139 0.9987759 0.9928966
0.002612691 0.3711193 24.14603 0.793635 0.8807842 0.9990983 0.9931054
0.005010301 0.3472001 0 0.720459 0.8691705 0.9999187 0.992983
0.003836758 0.3484661 0 0.6829915 0.8962943 0.9995435 0.9935761
0.004896872 0.2498289 0.8114313 0.661895 0.9148358 0.9991558 0.9930117
0.00296713 0.3425661 0.4914028 0.7923424 0.8883618 0.9995331 0.9928394
0.004449626 0.2835497 0.6040112 0.7186448 0.8534841 0.9994834 0.9930919
0.004364674 0.4121418 0 0.7627158 0.879319 0.9993224 0.9938746
0.004317185 0.3432217 0.7832923 0.7093642 0.7976131 0.9993609 0.9932596
0.003907577 0.3687799 0.6241174 0.6917713 0.9291703 0.9991797 0.9932089
0.003593116 0.4690374 0.7713957 0.7924687 0.8305922 0.9998278 0.9931453
0.003420681 0.4459132 0.6912894 0.7436451 0.8788814 0.9990465 0.9933522
0.003517269 0.3677249 0.9042195 0.7038681 0.8839771 0.9993613 0.9924928
0.004344217 0.3603265 2.238994 0.7372705 0.8605367 0.9995291 0.9933998
0.004295866 0.3065267 1.866125 0.6851368 0.8243934 0.9994427 0.9942281
0.004291238 0.2859385 0.6118919 0.7772704 0.8414974 0.9997607 0.9928019
0.005017648 0.3147975 0.4372542 0.7610545 0.8316937 0.9997194 0.9921456
0.003570791 0.3679417 0.3027203 0.7992024 0.8875122 0.9996009 0.993484
0.004826699 0.2660299 1.336588 0.8243768 0.8124377 0.9994427 0.991624
0.003936775 0.3377537 0 0.6183455 0.8887789 0.9989082 0.9936585
0.005011593 0.3014472 0.3420671 0.6934585 0.7865295 0.9993222 0.9925913
0.003623594 0.4522504 0 0.6895199 0.8918797 0.9985817 0.9922672
0.003312151 0.3384493 1.191082 0.7440641 0.7820188 0.9991677 0.9930147
0.004125639 0.3089655 0.5312827 0.7453034 0.8322579 0.999035 0.9921736
0.003816677 0.369469 0.3885369 0.8283011 0.8526902 0.9996556 0.9940041
0.002626097 0.3685209 0.9772844 0.8080722 0.8740184 0.9992191 0.9930256
0.00461015 0.342172 0.4953419 0.7183116 0.8183045 0.9998624 0.993757
0.004799011 0.4457895 0 0.7581195 0.8967167 0.9993056 0.9944636
0.003777806 0.4055228 0.4406381 0.7399102 0.8926352 0.9992198 0.9935056
0.004060977 0.3534612 0.6057568 0.7524835 0.8768276 0.9996556 0.9936395
0.004096063 0.2975919 0.4219478 0.7881878 0.8211783 0.9992904 0.9935955
0.003285335 0.2987142 2.59569 0.8272728 0.8184177 0.999139 0.9924917
0.003986903 0.3187051 0.8940808 0.8435816 0.8921931 0.9993577 0.9928089
0.003684918 0.4131042 0.3631838 0.7114116 0.8022063 0.9989709 0.9934579
0.003613549 0.4516035 0 0.6749831 0.8363471 0.9989284 0.9928654
0.004601104 0.4197542 0.2970469 0.7687022 0.8737712 0.9997396 0.9942436
0.002878239 0.4537773 1.054875 0.7763812 0.8566513 0.9992664 0.9931882
0.005648378 0.2543633 0.3992632 0.7910436 0.8250444 0.9996391 0.9937371
0.003245858 0.3347535 2.402141 0.7986417 0.903959 0.9990328 0.9921641
0.003698125 0.4160531 0.5566445 0.7652154 0.9148904 0.9989205 0.9931385
0.00325189 0.3708061 0.6008721 0.7411393 0.9255374 0.9990406 0.993317
0.003875956 0.3621296 1.254953 0.7495102 0.7857609 0.9993371 0.9928904
0.004479597 0.3778217 0 0.8200775 0.7630726 0.9996761 0.9939316
0.00334098 0.4393342 0.2503585 0.7024308 0.8248581 0.9994834 0.9930302
0.004200211 0.3529866 0.534037 0.7111385 0.841408 0.999139 0.9939074
0.004204413 0.3463885 1.324665 0.7516495 0.8782573 0.9995621 0.9925324
0.004488337 0.3268141 0.6666162 0.7981505 0.925262 0.9994834 0.9920536
0.003885409 0.2964131 0.1815121 0.7536698 0.8812607 0.9992476 0.9926207
0.0038259 0.3566485 0.2505797 0.7238955 0.9255958 0.9992142 0.99359
0.005045903 0.2565577 0.3856578 0.7416172 0.8813772 0.999139 0.992972
0.003363385 0.3812115 0.6391057 0.7876394 0.8594953 0.9992026 0.992431
0.003340406 0.3524861 0.6498001 0.761167 0.8571219 0.9987871 0.9938753
0.002988102 0.3818074 0.1720433 0.8315169 0.9250224 0.9993414 0.9927527
0.003619451 0.3761185 1.035342 0.7637351 0.8885803 0.999139 0.9928203
0.004124678 0.410501 0.865139 0.7923977 0.8976021 0.9989035 0.993291
0.004075783 0.3047449 0.7884689 0.8153391 0.8395112 0.999402 0.9936888
0.00439229 0.4214903 0.4020762 0.7588255 0.8486726 0.9990983 0.9941178
0.003908624 0.3158765 0.949179 0.7643051 0.8557915 0.9993162 0.9932645
0.003936604 0.2832076 0.1814198 0.8177782 0.907777 0.9990099 0.9914426
0.005609639 0.306135 0 0.6323598 0.7862341 0.9998916 0.9941593
0.002861746 0.4038794 0 0.7835933 0.810291 0.9993217 0.9916772
0.003939457 0.4000634 0.5103002 0.8008263 0.9151388 0.999336 0.9915178
0.004156093 0.3227997 0.2179252 0.8075153 0.8129529 0.9990355 0.9924692
0.003630573 0.3342503 1.403532 0.7299248 0.9184466 0.999139 0.9919177
0.003560638 0.316561 1.067454 0.7304915 0.8078825 0.999139 0.9928799
0.003754054 0.4228245 0.5834051 0.6821368 0.8840242 0.9989719 0.9932677
0.003987718 0.3322074 0.9628334 0.7861694 0.8767898 0.9994968 0.9931606
0.00319895 0.3028227 0.6642942 0.661427 0.9114151 0.9988906 0.9924251
0.003544604 0.2652518 0.9472421 0.8173329 0.8859247 0.9990983 0.9927283
0.004520688 0.3317195 0 0.7624664 0.7902862 0.9992679 0.9946125
0.004269127 0.3518774 0.9012898 0.7366992 0.8939936 0.999305 0.9931243
0.003507973 0.3590978 0.3422686 0.8191576 0.9198818 0.9995715 0.9924414
0.003860784 0.3878028 1.446325 0.7464402 0.8938805 0.9991213 0.9931599
0.0036054 0.2893753 0 0.748353 0.9256125 0.9993613 0.9922777
0.003720745 0.3907954 0 0.811869 0.6813826 0.999709 0.992353
0.003347082 0.3301654 1.802491 0.7484828 0.8642365 0.9998332 0.9929561
0.003981661 0.3217857 1.117167 0.8548042 0.8509281 0.9995852 0.9921906
0.002454816 0.3928021 1.985239 0.7228279 0.8886269 0.9990983 0.9912933
0.003037152 0.5046778 0.8021546 0.7801314 0.8620543 0.9988833 0.9919604
0.004422138 0.3978963 0 0.7102557 0.8515432 0.99981 0.9936364
0.004152005 0.3394903 1.383811 0.7525706 0.8616275 0.9992895 0.9924805
0.002968344 0.3623478 0.3202094 0.827158 0.8994569 0.999055 0.9930663
0.003159527 0.326746 1.307595 0.848309 0.8905354 0.9990295 0.9929387
0.00358961 0.399553 2.694816 0.7155319 0.7809124 0.999139 0.9938249
0.003492665 0.3295732 0.4786995 0.7794949 0.8282212 0.999402 0.9934352
0.004736714 0.3650431 0 0.7518782 0.8389898 0.9997808 0.9939851
0.00365482 0.3468235 2.295914 0.7473422 0.8852441 0.9993168 0.992806
0.00353033 0.3873366 2.210619 0.8072458 0.8314232 0.999402 0.9924338
0.0040871 0.3515307 0.05288994 0.7596227 0.8023216 0.9993266 0.9924201
0.003111188 0.4744586 0 0.7852 0.8060695 0.9993405 0.9923659
0.002932002 0.3715682 1.32546 0.7945568 0.8092997 0.9992683 0.993093
0.003796214 0.3774224 1.051796 0.7471576 0.8535938 0.9992836 0.9940743
0.003044464 0.4787074 0.798334 0.8858837 0.9573248 0.9989699 0.9915213
0.003392454 0.3687451 1.222078 0.8014224 0.8751209 0.9993282 0.9936494
0.004706695 0.2190103 1.44674 0.7168751 0.7002109 0.9999187 0.9922069
0.004046141 0.2948372 1.101226 0.7178918 0.8775369 0.9996149 0.9928839
0.003825049 0.3892665 0.4732149 0.7667912 0.847395 0.9991403 0.9947105
0.003776385 0.2938144 0.759561 0.7615344 0.8856123 0.9993613 0.9918927
0.0049105 0.2577707 0 0.7347142 0.8223937 0.9995248 0.9930846
0.004082679 0.3075806 0.246182 0.7716268 0.885597 0.9990983 0.9942629
0.003868428 0.3529755 1.975338 0.7816245 0.8023171 0.9999091 0.9923792
0.003729128 0.2673564 2.228696 0.8273206 0.8426826 0.9992486 0.9940347
0.003778106 0.3847168 0.4975458 0.8178274 0.8902395 0.9994427 0.9933028
0.004686774 0.2753503 0.4854694 0.709966 0.8711525 0.9990135 0.9938132
0.003123623 0.3822273 1.523353 0.7195995 0.9593774 0.999402 0.9916179
0.004826968 0.2984867 0.3306517 0.7427357 0.806386 0.9992228 0.9927308
0.004351629 0.3096562 0.30295 0.758739 0.8418444 0.999608 0.9923179
0.00272466 0.3937945 0.8727627 0.7803205 0.8696627 0.9986224 0.9938808
0.003404908 0.4066498 0.572794 0.7465382 0.8912187 0.9991724 0.9932448
0.005513049 0.3439845 0.3220864 0.7411475 0.7477 0.9999545 0.9933083
0.003909984 0.3188186 0.265535 0.7696604 0.7537767 0.9995878 0.9947112
0.004527558 0.3001501 0.8340616 0.7290465 0.8551585 0.9996556 0.9920439
0.00378454 0.348114 0.5129267 0.6909026 0.8588417 0.9988746 0.9921616
0.004052818 0.3035267 0.5658897 0.7630911 0.8600704 0.9996092 0.9923358
0.003702543 0.3813634 0.3462775 0.7947115 0.7666006 0.9997871 0.9934962
0.003519375 0.3874557 0.6554685 0.7747701 0.8416704 0.9990983 0.9906069
0.003950431 0.3434668 0.3485611 0.7510215 0.8411727 0.9997871 0.9926441
0.003932876 0.3734038 0.9185114 0.7938729 0.8465584 0.9992021 0.9929946
0.004382406 0.361117 0.3199828 0.7435998 0.931103 0.9990047 0.9927163
0.002578203 0.2856617 0.6034364 0.8720445 0.924244 0.9995458 0.9930876
0.004552208 0.3702221 0.06253669 0.7647088 0.8967486 0.9997505 0.9928281
0.003743604 0.4024344 0.3886763 0.6724596 0.9195227 0.9986644 0.9937603
0.004562534 0.3545329 0.3538186 0.7532099 0.8722552 0.9994427 0.9939119
0.004415455 0.2906325 0.8526973 0.7409417 0.8660229 0.9994111 0.9938185
0.003403776 0.351218 0.126255 0.8396467 0.8166112 0.9995249 0.9920296
0.003555962 0.3908719 0.4159002 0.7796044 0.8508857 0.9989447 0.994556
0.003585215 0.4550229 0 0.8328336 0.7888209 0.9997566 0.9920949
0.00312171 0.4111669 1.934983 0.7277305 0.8530731 0.9988251 0.9932931
0.003348928 0.3839969 1.220944 0.7871153 0.8531842 0.9995488 0.992423
0.003746685 0.342784 0.1613859 0.8506787 0.8402159 0.9996406 0.9927519
0.003813049 0.3636849 0.6456332 0.7586242 0.9219211 0.999139 0.9939033
0.003730796 0.395123 0 0.6866377 0.8584054 0.9996556 0.9917423
0.004145683 0.3441497 0.1830449 0.7220627 0.8293284 0.9992911 0.993585
0.00394395 0.3819383 0.1689195 0.7956033 0.8486547 0.9987493 0.9936193
0.003520643 0.2176648 0.1503193 0.973702 0.8094433 0.999027 0.9927257
0.003214763 0.2777589 1.426611 0.7413602 0.890438 0.9990509 0.9931328
0.003946751 0.3768166 1.591387 0.8004573 0.9102171 0.998898 0.9935153
0.003690275 0.3772134 0.0831878 0.8272099 0.8727793 0.9994928 0.993686
0.004128024 0.3808567 0.1178518 0.7253237 0.7917846 0.9992815 0.9936001
0.003171065 0.3609755 0.1050247 0.7715234 0.7854096 0.9988887 0.9926112
0.005006718 0.2470878 0.4894436 0.6935713 0.8725799 0.999509 0.9932739
0.002464795 0.3519107 1.434612 0.6932534 0.8840082 0.9988237 0.9932053
0.003550477 0.3801578 0.9491659 0.6974681 0.8785931 0.9992795 0.9931804
0.003235949 0.3194422 0.9606244 0.6619941 0.9412377 0.999139 0.9931227
0.003675538 0.4198771 0 0.7627351 0.8404302 0.9989809 0.9921528
0.003471372 0.3445504 0.5420075 0.6381481 0.8722444 0.9996149 0.9937836
0.00309842 0.3681958 0.8493866 0.692533 0.7738389 0.9992595 0.9916237
0.004295589 0.2526493 1.369402 0.8238029 0.7420016 0.9997418 0.9928381
0.003885958 0.3214172 0.2509082 0.7404197 0.8698578 0.9992639 0.9926821
0.003473417 0.3854298 4.256022 0.7391277 0.8401311 0.9989266 0.9938619
0.00377555 0.2954551 1.613169 0.7902419 0.8615347 0.9992789 0.9924897
0.003810106 0.2837864 0.2788682 0.7903028 0.8395756 0.9992247 0.9935546
0.004279732 0.3627192 0.2234539 0.6710116 0.9205525 0.9993979 0.9922761
0.00375058 0.4011353 0 0.6824327 0.8508153 0.9990983 0.9931915
0.003534812 0.3998954 0.1418239 0.7721822 0.8723472 0.9991479 0.9919585
0.004539752 0.3337188 1.587311 0.7869948 0.8834394 0.9993007 0.9942685
0.004156929 0.3010942 1.198446 0.7973542 0.8116134 0.9996556 0.9925888
0.00339018 0.2798242 3.290432 0.8368481 0.8360951 0.9994427 0.9919418
0.003635426 0.4967512 0 0.8540272 0.8645039 0.999139 0.9928815
0.00452189 0.4052979 0 0.7205068 0.8435455 0.9988024 0.9937661
0.003525951 0.3222203 0.6820098 0.7906991 0.8728296 0.9994427 0.9940774
0.004253031 0.3620193 0.7780663 0.7856122 0.8377007 0.9994427 0.9929926
0.003522921 0.3727921 1.562616 0.8342776 0.8406451 0.9992439 0.9934
0.004167524 0.322815 0 0.7784047 0.7887473 0.9995064 0.9931628
0.003379896 0.3886293 1.543053 0.7938888 0.8629842 0.9992689 0.9922954
0.002555721 0.451628 2.289786 0.869215 0.8691997 0.999139 0.9931177
0.003843413 0.2933063 1.411609 0.7406725 0.88693 0.9992142 0.9934212
0.004711584 0.2873558 1.043562 0.6937676 0.8159216 0.9992646 0.993222
0.004292146 0.2933847 5.147276 0.8252369 0.9472051 0.9989149 0.9933454
0.003851975 0.4886351 0 0.8218425 0.7647064 0.9991612 0.9916551
0.00439543 0.4438902 0.1535868 0.830397 0.8398661 0.9995165 0.9925779
0.004182583 0.2610153 0.1700268 0.8070059 0.8663972 0.9993445 0.9922398
0.003236607 0.3208014 1.46115 0.8322453 0.9563748 0.9990382 0.9919064
0.00435581 0.3117576 1.118645 0.6909755 0.8011279 0.9990983 0.9915051
0.003533076 0.4415819 0.1232185 0.734709 0.8752293 0.9990425 0.9917477
0.003935072 0.4718138 0.06014429 0.7411392 0.7995968 0.9995528 0.9921793
0.003329803 0.3283127 0.781741 0.7336158 0.8645996 0.9990983 0.9927457
0.003704404 0.2994671 0.560396 0.6876587 0.8343421 0.9995899 0.9920264
0.00395126 0.374372 0.9539057 0.7223728 0.8309387 0.9993495 0.9933478
0.005001758 0.3589675 0 0.7768934 0.8042678 0.9993641 0.9935568
0.003278144 0.3641841 1.95462 0.8380538 0.9215266 0.9988286 0.9934364
0.00358192 0.2464912 0.8899817 0.7733848 0.869148 0.9995195 0.992434
0.003842103 0.3193812 0 0.8103639 0.7719319 0.9996352 0.9934631
0.004569886 0.3011908 2.026256 0.7706408 0.8791136 0.9994427 0.9922405
0.003204772 0.3312197 1.381597 0.8068539 0.8436764 0.9994427 0.992695
0.004085483 0.3966829 0.4052459 0.7469879 0.8171283 0.9989182 0.9936256
0.004973132 0.224237 0.3840709 0.6801528 0.8565288 0.9992376 0.9936569
0.003791892 0.3430884 0.6725795 0.7644292 0.8538442 0.999139 0.9926188
0.004086232 0.4216715 0.4164515 0.7726344 0.8838683 0.9989763 0.9924344
0.004394147 0.362333 0.3342739 0.7409677 0.731137 0.9995344 0.9927558
0.005050705 0.2412123 0 0.7639603 0.7941948 0.9995793 0.9933385
0.003560147 0.3211819 1.897325 0.7820668 0.8924868 0.9994427 0.9914463
0.004008384 0.3217216 0.6334056 0.8771582 0.9210018 0.9990452 0.9923776
0.00352134 0.3345567 1.681355 0.7385573 0.8094786 0.9994656 0.9925962
0.00604149 0.2747633 0.2091453 0.6071886 0.7600175 0.9999343 0.9918738
0.003775604 0.4035035 0.7546386 0.7481099 0.8643777 0.9992833 0.9927923
0.003967581 0.2752554 0.9754685 0.7630936 0.9101088 0.999139 0.9939553
0.00365918 0.3695564 0.4479936 0.6857339 0.9569155 0.9990096 0.9927869
0.003720656 0.4409915 0.4820748 0.7466631 0.8962731 0.9992001 0.9927207
0.003084337 0.4040904 0.5594938 0.7507122 0.8942108 0.9990514 0.993616
0.004967774 0.3625576 0.4050582 0.7536561 0.8708504 0.9993125 0.9932052
0.00508884 0.2816901 0.1629208 0.6960957 0.8622476 0.9993613 0.9934075
0.003276608 0.4220099 0.1699522 0.8156163 0.811254 0.9996556 0.9921124
0.003445015 0.3949448 0.1258423 0.7197681 0.9318746 0.9990983 0.9939145
0.003963057 0.3644311 0.1180302 0.8377453 0.8135995 0.999324 0.9925058
0.003121176 0.3571709 0.4059781 0.7633101 0.8334174 0.9995321 0.9938612
0.00318131 0.3559968 0.7313532 0.7693306 0.9276954 0.9992177 0.9935793
0.00357851 0.347415 3.08569 0.7951278 0.8623973 0.998929 0.9929139
0.004390212 0.4015939 0.5370788 0.6985887 0.8409549 0.9990983 0.9936882
0.005455465 0.3144273 0.4470582 0.7212371 0.8215278 0.9998475 0.9931116
0.002649398 0.3427641 2.968085 0.8458406 0.8544451 0.9990983 0.9924809
0.003853938 0.3397968 1.979526 0.7986642 0.8106408 0.9995577 0.9934483
0.0040889 0.3267118 0.2607779 0.7803026 0.8948415 0.9992765 0.9939156
0.003520402 0.3640096 0 0.8130679 0.8644344 0.9992938 0.9920081
0.00422564 0.3120497 0.4830894 0.650724 0.7760924 0.9992518 0.9935877
0.004133686 0.2817258 1.424865 0.7921686 0.8581096 0.9991957 0.9931571
0.003628402 0.2881422 0.7082963 0.7358245 0.8277678 0.9994427 0.9940957
0.003403574 0.2418537 1.256134 0.8549898 0.8842693 0.9995105 0.9934779
0.004156731 0.4544158 0.1809465 0.7292251 0.8084751 0.9993251 0.9951558
0.003207611 0.3104048 1.516914 0.7353333 0.8595937 0.9994427 0.9927379
0.00389263 0.3360051 1.769349 0.7865915 0.8465162 0.9993014 0.9927792
0.002606827 0.5770953 Inf 0.8320213 0.8592591 0.99876 0.9920702
0.003385456 0.4144893 0.3084756 0.8241325 0.8249875 0.9992679 0.992227
0.003920956 0.291303 0 0.820722 0.7974338 0.999834 0.9939798
0.004330173 0.3078321 3.512762 0.7133205 0.8079819 0.9994118 0.9934506
0.004304077 0.4138514 0.2024311 0.7435082 0.8278347 0.9990505 0.992134
0.004121762 0.3270673 0.8294804 0.7799242 0.8712701 0.9996556 0.9932652
0.004384376 0.3810596 0.430382 0.7340741 0.812356 0.9995939 0.9926952
0.004502233 0.323234 0.587672 0.7658459 0.8586915 0.999502 0.9925123
0.004070352 0.2731757 2.608895 0.7402125 0.8695858 0.9990121 0.993503
0.00327974 0.3640256 1.110082 0.8085431 0.9387713 0.9992015 0.9933824
0.004354101 0.3082989 0.8294586 0.72185 0.778834 0.9996652 0.9929493
0.003738948 0.4498179 0 0.7349027 0.8909381 0.999139 0.9930085
0.003682609 0.318734 1.970356 0.8397553 0.885131 0.9991897 0.9932184
0.003023392 0.265048 0.2842649 0.9015962 0.7854498 0.9998278 0.9916208
0.004776496 0.3375267 0.4176197 0.7379269 0.8601037 0.9993333 0.9938805
0.003897582 0.4917904 0.4391951 0.7441472 0.8192275 0.9995805 0.9928357
0.00348465 0.3889885 0.7452559 0.8072283 0.8727555 0.9986703 0.9933117
0.00424608 0.2633511 4.592852 0.7186348 0.8390268 0.9991701 0.9934698
0.003123201 0.3388931 6.695167 0.8777486 0.9055741 0.9986224 0.9932225
0.004039766 0.3483171 0.03392626 0.7765005 0.8923742 0.9991468 0.9921339
0.003961318 0.3701438 1.127579 0.8122619 0.8417775 0.9994227 0.9938714
0.003256244 0.3457196 1.656602 0.8167599 0.8769762 0.9992165 0.9923405
0.004381017 0.3361429 0 0.7639438 0.7375958 0.9994521 0.9924737
0.004440954 0.3201071 0.05390603 0.6866758 0.8204528 0.9995878 0.9933138
0.003574781 0.3230555 0.9297754 0.7933634 0.8035236 0.9994834 0.9925733
0.004648811 0.379687 0 0.6884552 0.8210295 0.9997062 0.9929267
0.00335786 0.3527002 1.910723 0.7499036 0.8105892 0.9997376 0.9923133
0.004739435 0.2873759 0.5185977 0.70688 0.8093565 0.9997226 0.9932452
0.005110626 0.2587758 1.240141 0.7218462 0.8590487 0.9995714 0.9942499
0.004315619 0.3291309 0.8422498 0.7422678 0.8405906 0.9990983 0.9933665
0.004363895 0.3323148 0.4630546 0.7992888 0.8385146 0.9993424 0.9925935
0.00444894 0.2714005 2.598982 0.7875954 0.8489161 0.9995493 0.9931652
0.003272169 0.4025963 0.7522894 0.7021556 0.8723831 0.9993613 0.9928004
0.00383055 0.3834203 0 0.7475341 0.8263148 0.999402 0.9933578
0.003388673 0.3058352 1.335378 0.8128119 0.9538362 0.9993774 0.9924585
0.004180322 0.417393 0 0.7040431 0.8664503 0.9993613 0.9938474
0.004240552 0.2817436 1.056714 0.685427 0.8756584 0.9992647 0.9943675
0.002962433 0.4981928 0.2824701 0.8008196 0.9232048 0.9989797 0.9917734
0.003163997 0.425263 0 0.8563682 0.8413735 0.9990151 0.9933954
0.003447604 0.3099548 0.1284719 0.6951974 0.8415817 0.9995592 0.9920306
0.004134243 0.312444 0.4920538 0.8268754 0.8138851 0.9998537 0.9932009
0.004242601 0.2799985 0.4191703 0.7872256 0.8485305 0.9996963 0.9944542
0.003083057 0.3889438 0.7459901 0.8440161 0.8344234 0.9993298 0.9937744
0.002942271 0.4075892 1.859782 0.7919467 0.8566741 0.9994834 0.9929539
0.004784756 0.3027873 0.2493259 0.8075096 0.9192018 0.9989277 0.9939536
0.003950458 0.3807115 0 0.7620693 0.790552 0.9995509 0.9924118
0.003468892 0.3990006 1.295402 0.7991874 0.9118567 0.9992208 0.9920457
0.004382752 0.3855987 0.4915257 0.7700069 0.8929421 0.9988336 0.9931101
0.00329546 0.3659996 0.0001580823 0.6737387 0.8363406 0.9985817 0.9933493
0.003480669 0.4605759 0.9623868 0.7314339 0.8192008 0.9992125 0.9916826
0.004311528 0.3093717 1.161408 0.7014666 0.8091431 0.9986466 0.9939499
0.003877981 0.3591148 0.1895646 0.7159962 0.8504858 0.999737 0.9935341
0.004117738 0.3675084 0 0.7562209 0.8236783 0.9997422 0.9921591
0.003567673 0.5307903 0.3265198 0.8058943 0.8757011 0.9987931 0.9924425
0.004708568 0.3639087 0.0972354 0.6314546 0.9016819 0.9994834 0.9926401
0.004099102 0.3219444 0.5349294 0.791957 0.8856104 0.9992228 0.993884
0.004018685 0.3182517 1.388396 0.7353738 0.805033 0.9996556 0.9934923
0.003035736 0.3820114 0.7351665 0.7555929 0.939932 0.9993687 0.992051
0.0029339 0.3644643 0 0.8834779 0.83156 0.9995603 0.9925355
0.004357686 0.2475097 0.1805557 0.8210666 0.8940718 0.999402 0.9938573
0.002973938 0.4119948 0.8425451 0.8180225 0.8810859 0.9987907 0.9915906
0.002871164 0.4084238 8.363478 0.8134092 0.9124843 0.9990103 0.9941013
0.003276685 0.3650756 0.4644739 0.776707 0.945843 0.999139 0.9919028
0.002254745 0.2179072 5.706559 0.6892141 0.9117136 0.9991444 0.9935516
0.004148437 0.2760653 0.8789723 0.7698202 0.8376071 0.9997579 0.9932154
0.003767974 0.3981988 1.194373 0.7463229 0.7985027 0.9994427 0.9925604
0.00386351 0.4058309 1.002661 0.775047 0.8151774 0.9993111 0.993079
0.004427527 0.4581385 0 0.7270864 0.8252471 0.9989966 0.9927997
0.004113784 0.4301691 0 0.664685 0.820653 0.999402 0.9942683
0.003478514 0.3546598 0.7866865 0.7874739 0.7669447 0.9994075 0.994193
0.003548123 0.327372 0.7202454 0.7493644 0.8804037 0.9991797 0.9938103
0.002839787 0.5248053 0 0.7826501 0.8609986 0.9988201 0.9935165
0.004643586 0.336287 0 0.7678221 0.8512036 0.9999187 0.994034
0.004074243 0.3358325 0 0.7880594 0.8881311 0.9989641 0.9927509
0.005500031 0.3176474 0.6681286 0.6767473 0.8413166 0.9994252 0.9930461
0.003357077 0.3216188 1.192002 0.7974286 0.8979038 0.999402 0.9932518
0.004408483 0.4146309 0.3900439 0.6897516 0.7971527 0.9995589 0.9944422
0.003656328 0.2278749 0.3189024 0.8237273 0.6989506 0.9997655 0.9934958
0.004613444 0.4011371 0.3455419 0.7408846 0.8215301 0.9995049 0.9922019
0.003593533 0.3696618 7.362827 0.6790368 0.7772922 0.9996963 0.9941294
0.004296943 0.3675499 2.044712 0.7475988 0.8429762 0.9994427 0.9920092
0.004413549 0.3625108 0.3587888 0.7125024 0.837455 0.9995929 0.9925669
0.004071606 0.4411938 0.902297 0.8055529 0.9379932 0.9981889 0.9930845
0.002582976 0.5389469 0.3785575 0.7503371 0.8503406 0.998593 0.9917792
0.004624936 0.3848421 0.1854319 0.7670282 0.8833549 0.9992538 0.9938777
0.003881793 0.4535634 0 0.71584 0.8011627 0.998977 0.9934994
0.005619392 0.3699743 0.2852814 0.6741311 0.7362974 0.9999499 0.9923755
0.003582293 0.392643 1.977336 0.8108699 0.8599359 0.9993596 0.9928233
0.004047884 0.3585519 0.9678447 0.7895249 0.8341758 0.9993331 0.9929142
0.003947686 0.3053448 0.2461389 0.7790561 0.7550262 0.9993876 0.9932787
0.003974483 0.282371 2.315929 0.8126749 0.8780177 0.9992585 0.9927926
0.004776329 0.2782226 0.816454 0.7049846 0.8142467 0.9993918 0.9950601
0.00331563 0.3496357 4.705455 0.7305262 0.872967 0.9990983 0.9916776
0.003271577 0.2968883 0.5001601 0.7933544 0.9362223 0.999043 0.9926631
0.004769599 0.3533452 0 0.7484148 0.79666 0.9994834 0.9929233
0.003271746 0.4028776 2.401503 0.8468354 0.8271567 0.998763 0.9923246
0.003496512 0.313502 1.051948 0.7819614 0.90876 0.9994427 0.9919645
0.003139845 0.3938023 13.18551 0.7062582 0.8012625 0.9993383 0.99276
0.004158168 0.3802686 0.9666962 0.7237727 0.7847708 0.9992286 0.9935308
0.005228962 0.3318664 0.1211698 0.8021966 0.7878562 0.9997713 0.9924065
0.002363052 0.3903283 0.3565964 0.7938397 0.9034053 0.9992214 0.9923827
0.004407742 0.2724083 1.368004 0.7487621 0.8498146 0.9999187 0.992518
0.004143899 0.3743808 0 0.7610756 0.7692342 0.9996082 0.9939119
0.003889028 0.3182862 2.741901 0.745249 0.8648411 0.9992965 0.9937943
0.003950747 0.373238 0.4402018 0.7038539 0.8881379 0.9994834 0.9925121
0.003691729 0.2364327 0.7283096 0.8026209 0.8648158 0.9992377 0.9913958
0.003706552 0.3296617 0 0.8244313 0.9371472 0.9990498 0.993464
0.004642922 0.4589131 0.6320203 0.7663665 0.8424802 0.9991826 0.9932904
0.004015764 0.3756361 0.8709648 0.677462 0.788856 0.9996149 0.9941255
0.00365707 0.3905095 0 0.728981 0.8927018 0.9988777 0.9929894
0.003795749 0.415473 0.05865724 0.7747743 0.8405951 0.9996556 0.9933234
0.003845566 0.4687289 0.112874 0.7198064 0.7988882 0.9990155 0.9924663
0.004542281 0.3092103 0.4266986 0.7844154 0.8003179 0.9995929 0.9923345
0.003693262 0.3283452 0.334574 0.7709554 0.9341545 0.9990983 0.9924105
0.003363681 0.4139232 0.5484548 0.8067949 0.8997221 0.9990414 0.992903
0.003680562 0.2600125 2.366366 0.8451267 0.840727 0.9996963 0.993266
0.004295951 0.3475373 0.5127836 0.7888995 0.846209 0.9999145 0.9937796
0.002566425 0.38514 1.343432 0.7812851 0.8856198 0.9986478 0.9940259
0.003884771 0.3126684 0.5656282 0.7860252 0.8523145 0.9991835 0.9938624
0.003456071 0.3062001 1.461475 0.7883121 0.8898844 0.9992224 0.99212
0.003188443 0.3571296 0.9580409 0.7694114 0.8125019 0.9993307 0.9919087
0.002566844 0.3742939 0.7988703 0.8549711 0.9072571 0.999402 0.9924483
0.004548245 0.2867128 0.0980985 0.6629407 0.8287191 0.9991498 0.995225
0.004071113 0.3107232 0.1960854 0.7472117 0.8114392 0.9995745 0.9930077
0.003867406 0.4372965 0.2270803 0.7314513 0.9220795 0.999139 0.9920662
0.003424778 0.3317101 0.9570956 0.7319396 0.9130235 0.9992518 0.9929252
0.004964326 0.2665669 0.07537461 0.8016002 0.8278989 0.9998266 0.9923332
0.003810979 0.3640485 0.9246627 0.8244212 0.8742459 0.9992528 0.9915467
0.004168467 0.4032551 0.09357332 0.6714697 0.7999446 0.9994229 0.9933389
0.004413759 0.3710164 0.331073 0.729386 0.8384106 0.9996522 0.9930991
0.003274877 0.2676432 4.171455 0.799521 0.9075538 0.9988525 0.9933124
0.004199742 0.4269486 0 0.7944249 0.8092751 0.9990983 0.9935182
0.003281563 0.3467429 3.318437 0.8121083 0.9070894 0.9989552 0.9936726
0.003697808 0.4687413 0.1579925 0.7601401 0.8552485 0.9989106 0.9915722
0.003441867 0.4800296 0.5331645 0.7200912 0.8969865 0.9992751 0.9933123
0.004076931 0.3677827 0.2574011 0.7392018 0.9454282 0.9994834 0.9922211
0.00347159 0.3413757 0.6887359 0.7689355 0.913095 0.9994834 0.9928617
0.003443647 0.3417084 0.8676079 0.7982383 0.9325175 0.9990983 0.9933267
0.003013208 0.326179 1.812977 0.8768905 0.8062027 0.999041 0.9924542
0.004428813 0.3304659 0.8554461 0.7138143 0.8095974 0.9990983 0.9939161
0.004592893 0.3455707 1.014069 0.7480793 0.8744065 0.9994427 0.9933029
0.00400728 0.3224512 1.240516 0.8399456 0.9332473 0.9996556 0.9934163
0.005369763 0.3862542 0.1368292 0.7257772 0.8462254 0.9990516 0.9926799
0.002923853 0.3462102 Inf 0.7976688 0.8838719 0.9990274 0.9935863
0.003430965 0.3913241 0.7419757 0.8136535 0.8471914 0.999512 0.992244
0.004630249 0.3424561 0.9755427 0.7127539 0.8384375 0.9989028 0.9924569
0.00401858 0.4241068 0.6705116 0.7709941 0.7783571 0.9991461 0.9918632
0.002963654 0.3887096 0.909785 0.7661627 0.8066102 0.9992984 0.9944602
0.002550577 0.4080087 2.663658 0.8239092 0.9082447 0.9989733 0.9920875
0.004136124 0.2705092 0 0.7453917 0.8253913 0.9995669 0.9926536
0.003064332 0.3141728 0.5421318 0.7376632 0.8537288 0.9991554 0.9928169
0.003804327 0.3621347 0.7554284 0.7467443 0.9032619 0.9992195 0.9932207
0.004129562 0.3273835 0.3941155 0.7190593 0.8387855 0.9990078 0.9927808
0.004083106 0.3393431 0.9055743 0.6836686 0.8781946 0.9996072 0.9930991
0.003773986 0.3312082 2.780923 0.7833407 0.8750144 0.9993282 0.9917217
0.003557326 0.3991061 0.5130121 0.7373979 0.9098142 0.9993312 0.9930597
0.004517338 0.3908176 0.1346915 0.6755516 0.8446129 0.9997394 0.9936352
0.005136108 0.2396438 0.1432589 0.7713147 0.8342823 0.9996808 0.9936141
0.004318557 0.2969054 0.5557567 0.627981 0.8515016 0.9990576 0.9937638
0.004204815 0.3901737 3.991574 0.7475662 0.8450754 0.9994934 0.9936717
0.004062139 0.3701871 1.618604 0.7070764 0.8561656 0.9993459 0.9923837
0.003176622 0.418943 0 0.7572235 0.8606357 0.9989718 0.9926725
0.004489536 0.3087893 0.2268108 0.7556587 0.845211 0.999521 0.9924069
0.004196703 0.4142688 0 0.8102301 0.8027787 0.9992903 0.9928942
0.002980051 0.3446485 0.2209577 0.7455397 0.9350932 0.9988305 0.9934459
0.004007024 0.3666535 0.5463993 0.7523162 0.8175205 0.999364 0.993313
0.004136535 0.3247107 2.854156 0.7370621 0.848282 0.9988689 0.9927598
0.003536746 0.3390213 0.5182008 0.8210289 0.899303 0.9990576 0.9926333
0.004367142 0.3963344 0.546609 0.7833055 0.8493326 0.9997871 0.9924243
0.003590922 0.3780797 0.7559919 0.8503661 0.8851348 0.9990079 0.9935695
0.004194693 0.3565238 0.9160599 0.8161333 0.8464907 0.9993618 0.9933648
0.003976868 0.3556002 0.7556295 0.7133536 0.8948882 0.999139 0.9933664
0.003330871 0.4490976 0.9316497 0.6903444 0.8415014 0.9990576 0.9930937
0.005071814 0.3269867 0.1584702 0.6730779 0.7328151 0.9994429 0.9925049
0.003974613 0.4176547 0.5208705 0.8078633 0.9203151 0.9992298 0.9923143
0.003803173 0.3686256 2.04525 0.8057703 0.8278274 0.9992976 0.9937879
0.003525017 0.4781947 0 0.7954782 0.9134701 0.9992102 0.9929438
0.003926216 0.2865263 1.215533 0.8494109 0.8629315 0.9990983 0.9931315
0.004473557 0.3043068 1.120761 0.6829275 0.8608162 0.9995903 0.9942899
0.003546753 0.2258602 0.746929 0.8204517 0.8474826 0.9993536 0.9931949
0.003728013 0.408201 0.8474642 0.781364 0.8632948 0.9988943 0.9930577
0.004390287 0.4182849 0.2781137 0.7514923 0.8646499 0.9992325 0.9938065
0.003348514 0.3654167 0.3307231 0.7890984 0.9062637 0.9992334 0.9928918
0.004627844 0.438262 0.02325537 0.678347 0.7920072 0.9994071 0.9920576
0.004473517 0.3061917 0.5970755 0.7415021 0.8540948 0.9990378 0.9929503
0.004054539 0.3530903 0.5243393 0.806715 0.9115776 0.9990088 0.9930271
0.003957881 0.3753236 0.7891989 0.8229205 0.9140571 0.999139 0.9941104
0.003283406 0.3969224 1.656881 0.6317826 0.7880968 0.9993188 0.9937926
0.004099211 0.390428 0.4933523 0.8089695 0.8169336 0.9996556 0.9928484
0.00375647 0.4162852 0 0.7742931 0.8111915 0.9989609 0.9926748
0.00427802 0.3041443 0.4054739 0.8462081 0.9109872 0.9994427 0.9922683
0.003253912 0.3400589 1.472729 0.7803062 0.8945844 0.9987364 0.9933438
0.003492115 0.3038697 2.443372 0.7665485 0.9435232 0.9989454 0.993819
0.004715269 0.3819195 0.2440722 0.6975237 0.7579876 0.9996255 0.9926062
0.00460676 0.3206929 0.5550901 0.7662584 0.869902 0.998986 0.9936137
0.003976817 0.5345946 0 0.7768092 0.8824686 0.9996149 0.9916572
0.003408341 0.3157216 1.432258 0.8026568 0.9285218 0.9993613 0.9932439
0.00509668 0.282766 0.841304 0.7850842 0.8413771 0.9995586 0.9928042
0.004944497 0.2192069 0.2508547 0.6954136 0.7989454 0.9997871 0.9937472
0.004332521 0.3631228 0.4303856 0.6366722 0.7533007 0.9995128 0.992969
0.003285453 0.3094252 0.6303262 0.7987796 0.8384021 0.999314 0.9929628
0.003513462 0.3316956 1.851383 0.765932 0.9127404 0.9992754 0.9933773
0.003622625 0.3394015 0.5791895 0.8462237 0.8775629 0.9995241 0.9928245
0.003809788 0.3788891 0 0.7304694 0.8275723 0.9995016 0.992735
0.003847637 0.3631399 0.4956244 0.7287313 0.8730114 0.9987541 0.9931675
0.003984498 0.3296389 1.751453 0.743429 0.8836161 0.998875 0.9933307
0.003407866 0.3558606 0.1743231 0.8156393 0.8455616 0.9994427 0.9922387
0.003199304 0.4769011 0.4788014 0.8901298 0.8749603 0.9992083 0.9917125
0.002924197 0.2876913 4.540531 0.774939 0.8404984 0.9989597 0.9929085
0.004222254 0.3268815 1.022704 0.7440378 0.8836036 0.9993613 0.9917931
0.003415831 0.422837 0.5775928 0.8074608 0.8822824 0.9988926 0.9915831
0.00381306 0.2770237 0.2861265 0.7329502 0.8004091 0.9991734 0.9930597
0.003449272 0.2953342 0 0.7441029 0.7442872 0.9995292 0.9925479
0.003248527 0.5554099 0.1737297 0.7472334 0.8044784 0.999152 0.9922283
0.00314054 0.3699992 1.920166 0.8162531 0.853427 0.9991501 0.993387
0.00409404 0.3321836 0.2071382 0.7431818 0.8821231 0.9995373 0.9938256
0.005639626 0.2897512 0.4008532 0.6808649 0.8614781 0.9996258 0.9938812
0.004394106 0.3148645 0.2136876 0.7984183 0.8261277 0.9990576 0.9939109
0.004849786 0.3687061 0.262282 0.6447461 0.8076513 0.9989868 0.9911571
0.003588047 0.3894239 0.8366477 0.8054949 0.8306044 0.9994427 0.9933656
0.003443984 0.4380638 2.178092 0.8007495 0.8895715 0.9990983 0.9937928
0.004028742 0.2583574 1.930127 0.7872947 0.8228005 0.9994427 0.9923346
0.003598966 0.3466238 0.06081304 0.8413449 0.8586918 0.9993417 0.9927538
0.00390522 0.3086758 0.2227297 0.8375092 0.7898913 0.9996953 0.9920866
0.003849883 0.2818528 1.286074 0.8390188 0.9461554 0.9987633 0.9934821
0.004293424 0.3720478 0.07788072 0.7076843 0.823752 0.9995679 0.9932322
0.004698208 0.2783484 1.219593 0.7296106 0.8743638 0.999407 0.9939299
0.004147337 0.3613739 0.3585335 0.7668434 0.9107093 0.9991666 0.9922501
0.003321623 0.3405365 0.4819295 0.8310261 0.8562554 0.9994998 0.9920209
0.003696052 0.2819298 2.177686 0.8135716 0.9198293 0.9993323 0.9923598
0.00371746 0.4165899 0.3318017 0.7321506 0.8157986 0.9992421 0.9927949
0.003488711 0.5135107 0 0.7327203 0.8245004 0.998973 0.9917461
0.002966864 0.4760458 0.5513233 0.8209592 0.8160421 0.9990352 0.9914425
0.003494331 0.3162189 21.43494 0.7846659 0.857982 0.9990983 0.9922257
0.003440765 0.3536042 0.399714 0.7975009 0.9255927 0.999139 0.9934869
0.003847846 0.352042 0.4736502 0.7568533 0.8559569 0.9994968 0.9927412
0.003465133 0.3416235 1.324081 0.844706 0.6743931 0.9993773 0.993275
0.00413412 0.4275534 0.08934901 0.7245681 0.8054283 0.9993164 0.9928902
0.004655595 0.3116817 0 0.6982238 0.7602461 0.9995212 0.994109
0.004427896 0.4029139 0.3477076 0.7026224 0.7952222 0.9990314 0.9935506
0.003289987 0.374377 0.2621012 0.7548632 0.8718062 0.9992247 0.9938049
0.003824619 0.3532868 0.4357205 0.7115869 0.8849123 0.999402 0.9924594
0.003544348 0.3760505 1.125983 0.7724748 0.8609302 0.9986984 0.9937607
0.003273558 0.3501613 0.5488866 0.7873517 0.8959934 0.9996556 0.9926113
0.004208753 0.4125245 0.6481311 0.7457032 0.7891496 0.9994916 0.9937905
0.003506072 0.3313769 0.8810991 0.7610303 0.8699716 0.9986225 0.992743
0.003452644 0.3099751 1.510511 0.7603651 0.9310621 0.9996556 0.9912054
0.004840537 0.3543028 0.3102047 0.689034 0.7827217 0.9999187 0.9947029
0.003242515 0.3300879 1.297648 0.7008508 0.758237 0.999359 0.9921111
0.005083462 0.3492007 0.4143444 0.740916 0.8406072 0.9993592 0.9931904
0.004150417 0.387213 0.3709331 0.7231209 0.8244481 0.9995651 0.9938262
0.003424996 0.4798868 0.314834 0.8006332 0.8622801 0.9992834 0.9931894
0.003554404 0.3768111 0.4394152 0.7678269 0.8473082 0.9989481 0.9925398
0.003939659 0.313534 1.313722 0.7258712 0.8872963 0.999254 0.9934152
0.00395413 0.3885592 0.465363 0.7588591 0.874367 0.9989593 0.994872
0.003631517 0.3320063 0.5479639 0.824503 0.9425484 0.9987902 0.993292
0.00381125 0.312206 0.5157341 0.7366309 0.8543697 0.9996963 0.992014
0.003706463 0.4615153 0.2698514 0.6870793 0.8401553 0.9988282 0.9941768
0.003699644 0.33151 0.290549 0.7403195 0.8288058 0.9991915 0.993008
